%YAML:1.0
---
# Dimensions
dim_x: 1.
dim_y: 1.
# 2D calibration
hom: !!opencv-matrix
   rows: 3
   cols: 3
   dt: f
   data: [ 2.80785465e+00, -1.10202646e+00, 7.81811118e-01,
       -1.44008720e+00, -1.85813189e+00, 4.28916425e-01, 7.97240198e-01,
       4.21463132e-01, 1. ]
# 3D calibration
# D3transform 0
offset_0: !!opencv-matrix
   rows: 3
   cols: 1
   dt: f
   data: [ 1.84975243e+00, 2.66418844e-01, -6.33461833e-01 ]
simlar_0: !!opencv-matrix
   rows: 3
   cols: 3
   dt: f
   data: [ -5.36967456e-01, -9.19954121e-01, 6.84113801e-01,
       5.35710096e-01, 6.92458272e-01, 1.10074747e+00, -1.48635745e+00,
       9.57552314e-01, 1.21001154e-01 ]
# D3transform 1
offset_1: !!opencv-matrix
   rows: 3
   cols: 1
   dt: f
   data: [ 1.54083967e+00, -2.75138229e-01, -1.42437905e-01 ]
simlar_1: !!opencv-matrix
   rows: 3
   cols: 3
   dt: f
   data: [ 4.45088595e-01, 8.15694213e-01, -8.56906414e-01,
       6.20058775e-01, 6.03383482e-01, 1.05557108e+00, 1.37806618e+00,
       -1.00115490e+00, -2.37219214e-01 ]
# D3transform 2
offset_2: !!opencv-matrix
   rows: 3
   cols: 1
   dt: f
   data: [ 2.09376311e+00, 5.69482446e-01, -3.43942679e-02 ]
simlar_2: !!opencv-matrix
   rows: 3
   cols: 3
   dt: f
   data: [ -5.10588109e-01, -1.16750610e+00, 7.98603714e-01,
       -5.37478030e-01, -7.29475021e-01, -1.08130109e+00, 1.84498692e+00,
       -9.81331229e-01, -2.55047619e-01 ]
# D3transform 3
offset_3: !!opencv-matrix
   rows: 3
   cols: 1
   dt: f
   data: [ 1.89632261e+00, 8.84240270e-02, 3.88281763e-01 ]
simlar_3: !!opencv-matrix
   rows: 3
   cols: 3
   dt: f
   data: [ 4.09988135e-01, 1.04200792e+00, -9.88428712e-01,
       -6.42292202e-01, -6.32961154e-01, -1.02041698e+00,
       -1.68891943e+00, 1.05321884e+00, 4.09767032e-01 ]
