%YAML:1.0
---
# Dimensions
dim_x: 1.
dim_y: 1.
# 2D calibration
hom: !!opencv-matrix
   rows: 3
   cols: 3
   dt: f
   data: [ 2.61664581e+00, 1.23346710e+00, 6.69214010e-01,
       1.97266603e+00, -2.25643516e+00, 6.14355266e-01, 5.23492038e-01,
       -1.45718127e-01, 1. ]
# 3D calibration
# D3transform 0
offset_0: !!opencv-matrix
   rows: 3
   cols: 1
   dt: f
   data: [ 2.11466098e+00, 5.75193405e-01, -7.28975087e-02 ]
simlar_0: !!opencv-matrix
   rows: 3
   cols: 3
   dt: f
   data: [ -4.22191560e-01, -1.01643920e+00, -8.22087765e-01,
       -5.35070002e-01, -6.21861041e-01, 1.11839986e+00, -1.64800978e+00,
       9.12053466e-01, -2.81321645e-01 ]
# D3transform 1
offset_1: !!opencv-matrix
   rows: 3
   cols: 1
   dt: f
   data: [ 1.88165402e+00, 2.55090948e-02, -4.90013301e-01 ]
simlar_1: !!opencv-matrix
   rows: 3
   cols: 3
   dt: f
   data: [ 4.32801992e-01, 1.02805698e+00, 8.00850213e-01,
       -5.07715166e-01, -6.46012127e-01, 1.13494587e+00, 1.68414819e+00,
       -8.97810638e-01, 2.42364779e-01 ]
# D3transform 2
offset_2: !!opencv-matrix
   rows: 3
   cols: 1
   dt: f
   data: [ 1.82909238e+00, 2.34398127e-01, 4.95122522e-01 ]
simlar_2: !!opencv-matrix
   rows: 3
   cols: 3
   dt: f
   data: [ -3.97451788e-01, -1.05322111e+00, -8.31718028e-01,
       5.40267766e-01, 6.32303357e-01, -1.10952139e+00, 1.69446957e+00,
       -8.90331864e-01, 3.17711264e-01 ]
# D3transform 3
offset_3: !!opencv-matrix
   rows: 3
   cols: 1
   dt: f
   data: [ 1.62006664e+00, -3.10562432e-01, 8.27732906e-02 ]
simlar_3: !!opencv-matrix
   rows: 3
   cols: 3
   dt: f
   data: [ 4.07647312e-01, 1.06497121e+00, 8.11020970e-01,
       5.12154460e-01, 6.56246603e-01, -1.12691379e+00, -1.73236048e+00,
       8.74751389e-01, -2.77912617e-01 ]
